0.019830299000204832
0.014115029000095092
0.012447120999695471
0.00942698200015002
0.008457959999759623
0.007461422000233142
0.006926262999968458
0.007096942999851308
0.008238695000272855
0.009909664000133489
0.008985708000182058
0.007886133000283735
0.009544907999952557
0.007428161999996519
0.008040021999931923
0.0067210379997959535
0.007252416000028461
0.008855062000293401
0.009138777000316622
0.007112583999969502
0.009676742000010563
0.007645399000011821
0.00899343500032046
0.007665601000098832
0.006738241000221024
0.006743877999724646
0.0060956709999118175
0.0071374069998455525
0.007661370999812789
0.007244459000048664
0.00677704999998241
0.006903147999764769
0.0062771110001449415
0.006709801999932097
0.007166614000198024
0.00925620699990759
0.006927820999862888
0.006842950000191195
0.006604278999930102
0.006704220999836252
0.006415507999918191
0.006581405999895651
0.006600697000067157
0.0068627609998657135
0.006597542999770667
0.007647431999885157
0.008737997000025644
0.009768089999852236
0.008685118999892438
0.007495838000068034
